1 	 0 	 1 	 0
1000001 	 13815539189000 	 18661761741953 	 27631078378001
2000001 	 58034690988743 	 78647042967809 	 116069381977487
3000001 	 134227198104444 	 184838753402241 	 268454396208889
4000001 	 243229004319802 	 330588163871233 	 486458008639605
5000001 	 385623871009461 	 549165109380737 	 771247742018922
6000001 	 561861914266181 	 775355001608961 	 1123723828532362
7000001 	 772309842303866 	 1069676505550721 	 1544619684607733
8000001 	 1017277196696474 	 1386352639484929 	 2034554393392948
9000001 	 1297031843188590 	 1895788278519937 	 2594063686377180
10000001 	 1611809897457762 	 2296660417522945 	 3223619794915525
11000001 	 1961822473217226 	 2759397294465409 	 3923644946434452
12000001 	 2347260481126358 	 3245419982435841 	 4694520962252717
13000001 	 2768298164598938 	 3908290270702209 	 5536596329197876
14000001 	 3225095780693507 	 4474705994202881 	 6450191561387015
15000001 	 3717801681496800 	 5143935927350145 	 7435603362993600
16000001 	 4246553962551433 	 5801410525939713 	 8493107925102867
17000001 	 4811481790740552 	 7166914340338817 	 9622963581481104
18000001 	 5412706489750564 	 7907153078079745 	 10825412979501128
19000001 	 6050342438782289 	 8758620635465089 	 12100684877564578
20000001 	 6724497825057038 	 9586641630091777 	 13448995650114076
21000001 	 7435275280219678 	 10695419705347713 	 14870550560439356
22000001 	 8182772423368485 	 11521589133861633 	 16365544846736970
23000001 	 8967082328135859 	 12469729048500097 	 17934164656271718
24000001 	 9788293927358948 	 13557679881743361 	 19576587854717896
25000001 	 10646492365989634 	 14584923530682497 	 21292984731979268
26000001 	 11541759310713958 	 16309161030808833 	 23083518621427916
27000001 	 12474173223085892 	 17406797992044929 	 24948346446171784
28000001 	 13443809601693412 	 18682823920811521 	 26887619203386824
29000001 	 14450741197869366 	 19889964242301569 	 28901482395738732
30000001 	 15495038208666284 	 21475743649400577 	 30990076417332568
31000001 	 16576768450182772 	 22770448235281281 	 33153536900365544
32000001 	 17695997513822128 	 24229642039758849 	 35391995027644256
33000001 	 18852788907653308 	 25545607401342081 	 37705577815306616
34000001 	 20047204184710232 	 29823657293355265 	 40094408369420464
35000001 	 21279303059790892 	 31288027322600833 	 42558606119581784
36000001 	 22549143516090964 	 32924612240318977 	 45098287032181928
37000001 	 23856781902818756 	 34469762585138817 	 47713563805637512
38000001 	 25202273024780680 	 36478482465860353 	 50404546049561360
39000001 	 26585670224794504 	 38113411174752129 	 53171340449589008
40000001 	 28007025459676356 	 39946566440367105 	 56014050919352712
41000001 	 29466389370452680 	 41651365741963393 	 58932778740905360
42000001 	 30963811347367996 	 44545678737390849 	 61927622694735992
43000001 	 32499339590190476 	 46353304461275521 	 64998679180380952
44000001 	 34073021164258224 	 48022356447446529 	 68146042328516448
45000001 	 35684902052658144 	 50084973799029377 	 71369804105316288
46000001 	 37335027204885328 	 51994916102000385 	 74670054409770656
47000001 	 39023440582292488 	 54527338147152769 	 78046881164584976
48000001 	 40750185200605800 	 56534719430973441 	 81500370401211600
49000001 	 42515303169754280 	 58747225294032001 	 85030606339508560
50000001 	 44318835731234432 	 60839694022729985 	 88637671462468864
51000001 	 46160823293209360 	 65776875657467265 	 92321646586418720
52000001 	 48041305463522040 	 67940644019235329 	 96082610927044080
53000001 	 49960321080784640 	 70379242489077377 	 99920642161569280
54000001 	 51917908243690680 	 72543191860179713 	 103835816487381360
55000001 	 53914104338682992 	 75521169964279681 	 107828208677365984
56000001 	 55948946066097984 	 77867295571246081 	 111897892132195968
57000001 	 58022469464896448 	 80481378271752321 	 116044938929792896
58000001 	 60134709936080600 	 82923856853206273 	 120269419872161200
59000001 	 62285702264889136 	 87029561711835521 	 124571404529778272
60000001 	 64475480641853592 	 89502974477602305 	 128950961283707184
61000001 	 66704078682792872 	 92312487841399425 	 133408157365585744
62000001 	 68971529447816000 	 94925792817125121 	 137943058895632000
63000001 	 71277865459397528 	 98323018288024449 	 142555730918795056
64000001 	 73623118719585280 	 101014568031035393 	 147246237439170560
65000001 	 76007320726394864 	 103489446301078657 	 152014641452789728
66000001 	 78430502489441328 	 106538429473368321 	 156861004978882656
67000001 	 80892694544854928 	 109348854873578881 	 161785389089709856
68000001 	 83393926969523616 	 123918629037421057 	 166787853939047232
69000001 	 85934229394702624 	 126814149450507905 	 171868458789405248
70000001 	 88513631019027632 	 130052109150403329 	 177027262038055264
71000001 	 91132160620966240 	 132977340662443905 	 182264321241932480
72000001 	 93789846570739504 	 136882448817275905 	 187579693141479008
73000001 	 96486716841743024 	 139929062515816577 	 192973433683486048
74000001 	 99222799021495616 	 143355050192555265 	 198445598042991232
75000001 	 101998120322140608 	 146506315632542081 	 203996240644281216
76000001 	 104812707590524592 	 151689929711441409 	 209625415181049184
77000001 	 107666587317875344 	 154924337797581441 	 215333174635750688
78000001 	 110559785649100368 	 158537644543008513 	 221119571298200736
79000001 	 113492328391725152 	 161837819842237313 	 226984656783450304
80000001 	 116464241024490160 	 166186265601468417 	 232928482048980320
81000001 	 119475548705622960 	 169527499342830721 	 238951097411245920
82000001 	 122526276280802320 	 173329462803853569 	 245052552561604640
83000001 	 125616448290828960 	 176818987194918273 	 251232896581657920
84000001 	 128746088979017360 	 185238714781563393 	 257492177958034720
85000001 	 131915222298321952 	 188813330091863681 	 263830444596643904
86000001 	 135123871918210304 	 192809217673102081 	 270247743836420608
87000001 	 138372061231294992 	 196134326312286081 	 276744122462589984
88000001 	 141659813359735712 	 199833425613786113 	 283319626719471424
89000001 	 144987151161421472 	 204679196742025345 	 289974302322842944
90000001 	 148354097235943424 	 208439895016117505 	 296708194471886848
91000001 	 151760673930367552 	 212646515675974017 	 303521347860735104
92000001 	 155206903344815776 	 216443664224001537 	 310413806689631552
93000001 	 158692807337864032 	 222991292441498241 	 317385614675728064
94000001 	 162218407531765504 	 226945352400611073 	 324436815063531008
95000001 	 165783725317506048 	 231314989379083137 	 331567450635012096
96000001 	 169388781859699200 	 235354877531893761 	 338777563719398400
97000001 	 173033598101327168 	 240647595936162945 	 346067196202654336
98000001 	 176718194768334752 	 244592900980128001 	 353436389536669504
99000001 	 180442592374081760 	 249173759282539905 	 360885184748163520
100000001 	 184206811223659808 	 253358775890919937 	 368413622447319616
101000001 	 188010871418078720 	 269217951790020225 	 376021742836157440
102000001 	 191854792858328480 	 273511502425869057 	 383709585716656960
103000001 	 195738595249320544 	 278199894252519297 	 391477190498641088
104000001 	 199662298103714176 	 282578575868941313 	 399324596207428352
105000001 	 203625920745631744 	 288317364365084801 	 407251841491263488
106000001 	 207629482314267104 	 292752969744309505 	 415258964628534208
107000001 	 211673001767391968 	 297711449578246529 	 423346003534783936
108000001 	 215756497884762816 	 301836767224718849 	 431512995769525632
109000001 	 219879989271433152 	 306445400336325249 	 439759978542866304
110000001 	 224043494360973984 	 314184679637118721 	 448086988721947968
111000001 	 228247031418606144 	 318836030340342657 	 456494062837212288
112000001 	 232490618544247648 	 324013182060984321 	 464981237088495296
113000001 	 236774273675478720 	 328792970139135105 	 473548547350957440
114000001 	 241098014590428256 	 334921512859009281 	 482196029180856512
115000001 	 245461858910583328 	 339763888064607617 	 490923717821166656
116000001 	 249865824103525888 	 345151427180825089 	 499731648207051776
117000001 	 254309927485597632 	 350048630966091393 	 508619854971195264
118000001 	 258794186224496544 	 362042246611342081 	 517588372448993088
119000001 	 263318617341807360 	 366837181244196737 	 526637234683614720
120000001 	 267883237715467552 	 372411897670409217 	 535766475430935104
121000001 	 272488064082171712 	 377510168180887681 	 544976128164343424
122000001 	 277133113039715776 	 384133951121597697 	 554266226079431552
123000001 	 281818401049283776 	 389315841589762433 	 563636802098567552
124000001 	 286543944437678176 	 395079171020500481 	 573087888875356352
125000001 	 291309759399496320 	 400248820553196161 	 582619518798992640
126000001 	 296115861999254208 	 409168072900097793 	 592231723998508416
127000001 	 300962268173459584 	 414486733544385409 	 601924536346919168
128000001 	 305848993732636160 	 420442271868141569 	 611697987465272320
129000001 	 310776054363299392 	 425879201319498881 	 621552108726598784
130000001 	 315743465629887296 	 430857784944314625 	 631486931259774592
131000001 	 320751242976645376 	 437990039581818241 	 641502485953290752
132000001 	 325799401729468928 	 443577717629473281 	 651598803458937856
133000001 	 330887957097703296 	 449696285796517505 	 661775914195406592
134000001 	 336016924175902912 	 455351419226315521 	 672033848351805824
135000001 	 341186317945551296 	 508411006336470913 	 682372635891102592
136000001 	 346396153276742272 	 514170515877684225 	 692792306553484544
137000001 	 351646444929824192 	 520511588484733057 	 703292889859648384
138000001 	 356937207557008384 	 526300597526031617 	 713874415114016768
139000001 	 362268455703941568 	 533879622161015169 	 724536911407883136
140000001 	 367640203811244928 	 539808436321613313 	 735280407622489856
141000001 	 373052466216020352 	 546079261681117825 	 746104932432040704
142000001 	 378505257153323328 	 552073362365775617 	 757010514306646656
143000001 	 383998590757605888 	 562232605872010113 	 767997181515211776
144000001 	 389532481064128448 	 568265794981103617 	 779064962128256896
145000001 	 395106942010342272 	 574990587457338497 	 790213884020684544
146000001 	 400721987437243584 	 581032249771266305 	 801443974874487168
147000001 	 406377631090698944 	 589083637847508353 	 812755262181397888
148000001 	 412073886622744640 	 595324200474221057 	 824147773245489280
149000001 	 417810767592858112 	 602197836678106753 	 835621535185716224
150000001 	 423588287469205696 	 608525262230168321 	 847176574938411392
151000001 	 429406459629863232 	 624048790828210049 	 858812919259726464
152000001 	 435265297364013824 	 629863718541765633 	 870530594728027648
153000001 	 441164813873121408 	 636323957239292033 	 882329627746242816
154000001 	 447105022272081024 	 643413350882325761 	 894210044544162048
155000001 	 453085935590346624 	 649978503389800833 	 906171871180693248
156000001 	 459107566773037696 	 658486577860034049 	 918215133546075392
157000001 	 465169928682023296 	 664998147611964033 	 930339857364046592
158000001 	 471273034096986752 	 672315279052949249 	 942546068193973504
159000001 	 477416895716468352 	 679051289684016001 	 954833791432936704
160000001 	 483601526158890368 	 690345062085873665 	 967203052317780736
161000001 	 489826937963560768 	 697145270129706113 	 979653875927121536
162000001 	 496093143591659712 	 704353997047322881 	 992186287183319424
163000001 	 502400155427206656 	 711259136099847553 	 1004800310854413312
164000001 	 508747985778010432 	 720213850887414273 	 1017495971556020864
165000001 	 515136646876601152 	 727140027260425857 	 1030273293753202304
166000001 	 521566150881145856 	 734831948447673089 	 1043132301762291712
167000001 	 528036509876347008 	 741908470813564801 	 1056073019752694016
168000001 	 534547735874324672 	 769178858790253569 	 1069095471748649344
169000001 	 541099840815483904 	 776318650535110785 	 1082199681630967808
170000001 	 547692836569365120 	 784153320027454721 	 1095385673138730240
171000001 	 554326734935481216 	 791411249987891585 	 1108653469870962432
172000001 	 561001547644138048 	 800820870348408321 	 1122003095288276096
173000001 	 567717286357242368 	 807441445137054337 	 1135434572714484736
174000001 	 574473962669094336 	 814813304901144321 	 1148947925338188672
175000001 	 581271588107167232 	 822920511750226817 	 1162543176214334464
176000001 	 588110174132873216 	 830309702103144449 	 1176220348265746432
177000001 	 594989732142316032 	 842854997889846401 	 1189979464284632064
178000001 	 601910273467031168 	 850400786612101377 	 1203820546934062336
179000001 	 608871809374713856 	 858554394645484929 	 1217743618749427712
180000001 	 615874351069933568 	 866159579704470017 	 1231748702139867136
181000001 	 622917909694838016 	 875995147497741953 	 1245835819389676032
182000001 	 630002496329844608 	 883710062339896065 	 1260004992659689216
183000001 	 637128121994320768 	 892191747381159809 	 1274256243988641536
184000001 	 644294797647252480 	 899630656528006145 	 1288589595294504960
185000001 	 651502534187903488 	 918677614143352961 	 1303005068375806976
186000001 	 658751342456461696 	 926561169393992961 	 1317502684912923392
187000001 	 666041233234676352 	 935180780894484865 	 1332082466469352704
188000001 	 673372217246485120 	 943125409226444289 	 1346744434492970240
189000001 	 680744305158630656 	 953305850369327745 	 1361488610317261312
190000001 	 688157507581267072 	 961359957136332545 	 1376315015162534144
191000001 	 695611835068557312 	 970215947694476161 	 1391223670137114624
192000001 	 703107298119261440 	 978283509743575041 	 1406214596238522880
193000001 	 710643907177314816 	 992000493917656193 	 1421287814354629632
194000001 	 718221672632397952 	 1000226383356651777 	 1436443345264795904
195000001 	 725840604820497024 	 1007691087663865217 	 1451681209640994048
196000001 	 733500714024456192 	 1016787603528512001 	 1467001428048912384
197000001 	 741202010474521472 	 1025047378122499713 	 1482404020949042944
198000001 	 748944504348875904 	 1035899036734159617 	 1497889008697751808
199000001 	 756728205774166400 	 1044295656091332481 	 1513456411548332800
200000001 	 764553124826023680 	 1053435103163679745 	 1529106249652047360
201000001 	 772419271529573120 	 1061956250385021057 	 1544838543059146240
202000001 	 780326655859939328 	 1117675806756080897 	 1560653311719878656
203000001 	 788275287742741760 	 1126203867597586817 	 1576550575485483520
204000001 	 796265177054583424 	 1135662009295476225 	 1592530354109166848
205000001 	 804296333623533696 	 1144354539834378881 	 1608592667247067392
206000001 	 812368767229601920 	 1155235576598077185 	 1624737534459203840
207000001 	 820482487605205888 	 1163987490787152769 	 1640964975210411776
208000001 	 828637504435632384 	 1173578303059765249 	 1657275008871264768
209000001 	 836833827359491456 	 1182439875999145089 	 1673667654718982912
210000001 	 845071465969164416 	 1197369457040339201 	 1690142931938328832
211000001 	 853350429811244928 	 1206123398560638337 	 1706700859622489856
212000001 	 861670728386974336 	 1215955878553238017 	 1723341456773948672
213000001 	 870032371152670080 	 1224988276862889601 	 1740064742305340160
214000001 	 878435367520148864 	 1236641797884986113 	 1756870735040297728
215000001 	 886879726857143552 	 1245731662110455681 	 1773759453714287104
216000001 	 895365458487714304 	 1254003068466875393 	 1790730916975428608
217000001 	 903892571692653568 	 1264105677096927361 	 1807785143385307136
218000001 	 912461075709885312 	 1273305600909300993 	 1824922151419770624
219000001 	 921070979734860800 	 1295853590736898433 	 1842141959469721600
220000001 	 929722292920945792 	 1305138718108474881 	 1859444585841891584
221000001 	 938415024379805312 	 1315432129037685377 	 1876830048759610624
222000001 	 947149183181780096 	 1324628120917370625 	 1894298366363560192
223000001 	 955924778356261888 	 1336830647760329601 	 1911849556712523776
224000001 	 964741818892060160 	 1346228727795937281 	 1929483637784120320
225000001 	 973600313737765120 	 1356707128525841537 	 1947200627475530240
226000001 	 982500271802107136 	 1366247880104540417 	 1965000543604214272
227000001 	 991441701954309504 	 1381986907765124481 	 1982883403908619008
228000001 	 1000424613024436992 	 1391670050980037121 	 2000849226048873984
229000001 	 1009449013803740800 	 1402291005860640385 	 2018898027607481600
230000001 	 1018514913044998400 	 1411955551798430465 	 2037029826089996800
231000001 	 1027622319462847872 	 1424587941458165633 	 2055244638925695744
232000001 	 1036771241734119680 	 1434429708259300353 	 2073542483468239360
233000001 	 1045961688498162560 	 1445056133734664321 	 2091923376996325120
234000001 	 1055193668357167360 	 1454950523396365569 	 2110387336714334720
235000001 	 1064467189876483328 	 1493854313223541121 	 2128934379752966656
236000001 	 1073782261584934272 	 1503864985973368321 	 2147564523169868544
237000001 	 1083138891975127040 	 1514861973471992449 	 2166277783950254080
238000001 	 1092537089503759232 	 1523992724500786945 	 2185074179007518464
239000001 	 1101976862591920768 	 1534082376684692353 	 2203953725183841536
240000001 	 1111458219625392640 	 1547247590201636865 	 2222916439250785280
241000001 	 1120981168954942080 	 1557358105409105025 	 2241962337909884160
242000001 	 1130545718896612864 	 1568604672239550721 	 2261091437793225728
243000001 	 1140151877732014592 	 1578672453923304833 	 2280303755464029184
244000001 	 1149799653708604288 	 1596071803998390785 	 2299599307417208576
245000001 	 1159489055039969536 	 1606415278660042369 	 2318978110079939072
246000001 	 1169220089906103040 	 1617779365867049729 	 2338440179812206080
247000001 	 1178992766453678848 	 1628207935029610369 	 2357985532907357696
248000001 	 1188807092796319744 	 1641820683586001921 	 2377614185592639488
249000001 	 1198663077014867200 	 1651881694316679297 	 2397326154029734400
250000001 	 1208560727157643264 	 1663495281712784641 	 2417121454315286528
251000001 	 1218500051240712448 	 1674027532293642625 	 2437000102481424896
252000001 	 1228481057248138240 	 1700176291096391169 	 2456962114496276480
253000001 	 1238503753132238592 	 1710860583542841985 	 2477007506264477184
254000001 	 1248568146813836032 	 1722462933669541633 	 2497136293627672064
255000001 	 1258674246182508544 	 1733230738674330497 	 2517348492365017088
256000001 	 1268822059096831744 	 1747305086960566273 	 2537644118193663488
257000001 	 1279011593384624384 	 1758107408222286977 	 2558023186769248768
258000001 	 1289242856843187200 	 1770080804761995521 	 2578485713686374400
259000001 	 1299515857239539456 	 1781069652821097857 	 2599031714479078912
260000001 	 1309830602310654464 	 1791031139257258497 	 2619661204621308928
261000001 	 1320187099763689472 	 1809610200524064385 	 2640374199527378944
262000001 	 1330585357276216320 	 1820604157803272961 	 2661170714552432640
263000001 	 1341025382496446208 	 1832855371401121665 	 2682050764992892416
264000001 	 1351507183043454464 	 1844006869989893121 	 2703014366086908928
265000001 	 1362030766507400960 	 1858309277216512129 	 2724061533014801920
266000001 	 1372596140449749760 	 1869541142654070017 	 2745192280899499520
267000001 	 1383203312403483904 	 1881982423461028225 	 2766406624806967808
268000001 	 1393852289873320448 	 1893229676369262081 	 2787704579746640896
269000001 	 1404543080335920896 	 2095636675847268993 	 2809086160671841792
270000001 	 1415275691240100608 	 2106544024805883649 	 2830551382480201216
271000001 	 1426050130007035648 	 2119179033355154305 	 2852100260014071296
272000001 	 1436866404030466048 	 2130666062966736897 	 2873732808060932096
273000001 	 1447724520676899584 	 2145549522720832641 	 2895449041353799168
274000001 	 1458624487285810688 	 2157122353390932225 	 2917248974571621376
275000001 	 1469566311169837568 	 2169938035961464193 	 2939132622339675136
276000001 	 1480549999614979328 	 2181378389552126465 	 2961099999229958656
277000001 	 1491575559880787712 	 2201130174897409665 	 2983151119761575424
278000001 	 1502642999200559360 	 2212802488088060673 	 3005285998401118720
279000001 	 1513752324781525248 	 2225806321524283265 	 3027504649563050496
280000001 	 1524903543805036288 	 2237633744726453249 	 3049807087610072576
281000001 	 1536096663426751232 	 2248419337008570497 	 3072193326853502464
282000001 	 1547331690776816896 	 2263841046160471297 	 3094663381553633792
283000001 	 1558608632960051968 	 2275847504713132417 	 3117217265920103936
284000001 	 1569927497056123904 	 2288949448895102465 	 3139854994112247808
285000001 	 1581288290119729152 	 2301021685289480833 	 3162576580239458304
286000001 	 1592691019180765696 	 2330726422916040449 	 3185382038361531392
287000001 	 1604135691244509184 	 2342622440172370817 	 3208271382489018368
288000001 	 1615622313291784192 	 2356007179348414465 	 3231244626583568384
289000001 	 1627150892279132160 	 2368137068697027713 	 3254301784558264320
290000001 	 1638721435138984192 	 2384062349249353985 	 3277442870277968384
291000001 	 1650333948779823104 	 2396353203897486721 	 3300667897559646208
292000001 	 1661988440086351104 	 2409392998501065217 	 3323976880172702208
293000001 	 1673684915919651584 	 2421767307081913985 	 3347369831839303168
294000001 	 1685423383117351424 	 2442770550802033409 	 3370846766234702848
295000001 	 1697203848493780480 	 2455153026925879169 	 3394407696987560960
296000001 	 1709026318840129792 	 2468912801304884225 	 3418052637680259584
297000001 	 1720890800924608256 	 2481224816709478529 	 3441781601849216512
298000001 	 1732797301492597504 	 2497595346116427009 	 3465594602985195008
299000001 	 1744745827266805248 	 2510234099553726849 	 3489491654533610496
300000001 	 1756736384947418624 	 2524101048320673281 	 3513472769894837248
301000001 	 1768768981212251904 	 2536816352594016897 	 3537537962424503808
302000001 	 1780843622716897536 	 2587399162708840193 	 3561687245433795072
303000001 	 1792960316094873088 	 2599011070856364929 	 3585920632189746176
304000001 	 1805119067957766912 	 2611870873559062529 	 3610238135915533824
305000001 	 1817319884895382528 	 2625943402823634049 	 3634639769790765056
306000001 	 1829562773475882496 	 2638931828345168129 	 3659125546951764992
307000001 	 1841847740245928704 	 2655729190147724673 	 3683695480491857408
308000001 	 1854174791730824192 	 2668517402913303041 	 3708349583461648384
309000001 	 1866543934434650880 	 2682857234995863169 	 3733087868869301760
310000001 	 1878955174840408576 	 2696014012939203329 	 3757910349680817152
311000001 	 1891408519410149120 	 2718089590536841089 	 3782817038820298240
312000001 	 1903903974585113344 	 2731290310816136193 	 3807807949170226688
313000001 	 1916441546785862912 	 2745899729560825985 	 3832883093571725824
314000001 	 1929021242412415232 	 2758588589819856129 	 3858042484824830464
315000001 	 1941643067844370688 	 2775851555271686529 	 3883286135688741376
316000001 	 1954307029441046784 	 2789117115579796993 	 3908614058882093568
317000001 	 1967013133541603328 	 2803895711060656769 	 3934026267083206656
318000001 	 1979761386465171200 	 2817329158100064001 	 3959522772930342400
319000001 	 1992551794510978560 	 2850257180482980737 	 3985103589021957120
320000001 	 2005384363958476032 	 2863780247703494657 	 4010768727916952064
321000001 	 2018259101067459840 	 2878745328451556481 	 4036518202134919680
322000001 	 2031176012078194176 	 2892265079874824449 	 4062352024156388352
323000001 	 2044135103211534336 	 2909973842228829569 	 4088270206423068672
324000001 	 2057136380669046016 	 2922391987541291521 	 4114272761338092032
325000001 	 2070179850633123328 	 2936182916060948097 	 4140359701266246656
326000001 	 2083265519267109632 	 2951312543747390209 	 4166531038534219264
327000001 	 2096393392715411968 	 2965060793839710081 	 4192786785430823936
328000001 	 2109563477103620096 	 2988439402893657089 	 4219126954207240192
329000001 	 2122775778538617344 	 3002402405915998337 	 4245551557077234688
330000001 	 2136030303108698624 	 3017460108381703425 	 4272060606217397248
331000001 	 2149327056883680768 	 3031466154591093121 	 4298654113767361536
332000001 	 2162666045915013888 	 3049551793126692353 	 4325332091830027776
333000001 	 2176047276235894528 	 3063685354832874113 	 4352094552471789056
334000001 	 2189470753861374720 	 3079189882586259201 	 4378941507722749440
335000001 	 2202936484788468480 	 3092755145148076929 	 4405872969576936960
336000001 	 2216444474996262144 	 3189611434489014273 	 4432888949992524288
337000001 	 2229994730446022144 	 3203914051329580161 	 4459989460892044288
338000001 	 2243587257081296640 	 3219518601464443137 	 4487174514162593280
339000001 	 2257222060828025088 	 3233862407502734721 	 4514444121656050176
340000001 	 2270899147594640128 	 3252213279429818881 	 4541798295189280256
341000001 	 2284618523272170496 	 3266686446762749569 	 4569237046544340992
342000001 	 2298380193734343680 	 3282608999267566337 	 4596760387468687360
343000001 	 2312184164837687808 	 3297010849532557185 	 4624368329675375616
344000001 	 2326030442421631488 	 3321619480705633281 	 4652060884843262976
345000001 	 2339919032308603392 	 3336198573692616833 	 4679838064617206784
346000001 	 2353849940304130560 	 3349481779856217345 	 4707699880608261120
347000001 	 2367823172196937216 	 3365587667335760257 	 4735646344393874432
348000001 	 2381838733759041536 	 3380357218908577281 	 4763677467518083072
349000001 	 2395896630745850880 	 3399372917604061825 	 4791793261491701760
350000001 	 2409996868896258048 	 3414182046300907265 	 4819993737792516096
351000001 	 2424139453932734976 	 3430200171253619585 	 4848278907865469952
352000001 	 2438324391561427968 	 3445142807708577793 	 4876648783122855936
353000001 	 2452551687472248320 	 3481848622205117569 	 4905103374944496640
354000001 	 2466821347338967040 	 3496735990851385601 	 4933642694677934080
355000001 	 2481133376819302912 	 3513216716966915457 	 4962266753638605824
356000001 	 2495487781555017728 	 3528339145736405505 	 4990975563110035456
357000001 	 2509884567171999744 	 3547232459974162049 	 5019769134343999488
358000001 	 2524323739280359936 	 3562381577865939713 	 5048647478560719872
359000001 	 2538805303474513408 	 3578954766465466241 	 5077610606949026816
360000001 	 2553329265333272576 	 3594238318097880065 	 5106658530666545152
361000001 	 2567895630419930112 	 3619989968215296129 	 5135791260839860224
362000001 	 2582504404282346496 	 3635024589266967809 	 5165008808564692992
363000001 	 2597155592453036544 	 3651884433676571009 	 5194311184906073088
364000001 	 2611849200449251840 	 3667336248631584257 	 5223698400898503680
365000001 	 2626585233773065728 	 3687233713130560129 	 5253170467546131456
366000001 	 2641363697911457280 	 3702722988792639233 	 5282727395822914560
367000001 	 2656184598336392704 	 3716791506664465281 	 5312369196672785408
368000001 	 2671047940504908288 	 3733946625376024577 	 5342095881009816576
369000001 	 2685953729859190272 	 3749535915772374145 	 5371907459718380544
370000001 	 2700901971826658304 	 3811610455833411841 	 5401803943653316608
371000001 	 2715892671820041728 	 3827357834102519169 	 5431785343640083456
372000001 	 2730925835237459968 	 3844628676831971841 	 5461851670474919936
373000001 	 2746001467462504448 	 3860119779872145025 	 5492002934925008896
374000001 	 2761119573864310784 	 3880599122829939457 	 5522239147728621568
375000001 	 2776280159797642240 	 3896517326469318529 	 5552560319595284480
376000001 	 2791483230602961920 	 3913877636153777153 	 5582966461205923840
377000001 	 2806728791606510592 	 3929837448920141953 	 5613457583213021184
378000001 	 2822016848120382464 	 3956107400721310977 	 5644033696240764928
379000001 	 2837347405442600448 	 3972195840743201153 	 5674694810885200896
380000001 	 2852720468857189376 	 3989839827785330177 	 5705440937714378752
381000001 	 2868136043634251264 	 4005865920239772289 	 5736272087268502528
382000001 	 2883594135030036480 	 4026787790013904641 	 5767188270060072960
383000001 	 2899094748287016960 	 4043047613353356161 	 5798189496574033920
384000001 	 2914637888633961472 	 4060590038206300161 	 5829275777267922944
385000001 	 2930223561286001664 	 4076883714616112257 	 5860447122572003328
386000001 	 2945851771444707840 	 4116997974898624769 	 5891703542889415680
387000001 	 2961522524298154496 	 4133427591981006209 	 5923045048596308992
388000001 	 2977235825020996096 	 4151449532650607105 	 5954471650041992192
389000001 	 2992991678774531072 	 4166385824937232001 	 5985983357549062144
390000001 	 3008790090706771968 	 4182864349875460865 	 6017580181413543936
391000001 	 3024631065952517120 	 4204347723467067265 	 6049262131905034240
392000001 	 3040514609633413632 	 4220814413330048001 	 6081029219266827264
393000001 	 3056440726858025472 	 4239086954274084993 	 6112881453716050944
394000001 	 3072409422721902592 	 4255425511701998849 	 6144818845443805184
395000001 	 3088420702307646464 	 4283678941637419393 	 6176841404615292928
396000001 	 3104474570684972544 	 4300412146144638465 	 6208949141369945088
397000001 	 3120571032910779904 	 4318768530382809729 	 6241142065821559808
398000001 	 3136710094029211136 	 4335586623569329921 	 6273420188058422272
399000001 	 3152891759071722496 	 4357542816432862081 	 6305783518143444992
400000001 	 3169116033057141248 	 4373740411854718977 	 6338232066114282496
401000001 	 3185382920991733760 	 4392360407809588353 	 6370765841983467520
402000001 	 3201692427869264896 	 4409429000736084225 	 6403384855738529792
403000001 	 3218044558671063040 	 4616819400438826369 	 6436089117342126080
404000001 	 3234439318366080000 	 4633919226216323585 	 6468878636732160000
405000001 	 3250876711910952448 	 4652408974628982401 	 6501753423821904896
406000001 	 3267356744250063360 	 4669651469578347265 	 6534713488500126720
407000001 	 3283879420315603968 	 4691948416647321473 	 6567758840631207936
408000001 	 3300444745027630080 	 4709112036365904897 	 6600889490055260160
409000001 	 3317052723294124544 	 4728110092454862977 	 6634105446588249088
410000001 	 3333703360011055104 	 4745518158517515521 	 6667406720022110208
411000001 	 3350396660062434816 	 4761274379773733249 	 6700793320124869632
412000001 	 3367132628320377856 	 4790686305568308737 	 6734265256640755712
413000001 	 3383911269645157888 	 4808042186435768961 	 6767822539290315776
414000001 	 3400732588885267968 	 4827345962320611073 	 6801465177770535936
415000001 	 3417596590877474304 	 4844883504112565121 	 6835193181754948608
416000001 	 3434503280446873600 	 4867369211407060993 	 6869006560893747200
417000001 	 3451452662406950912 	 4884990451608798337 	 6902905324813901824
418000001 	 3468444741559634944 	 4904483503160580353 	 6936889483119269888
419000001 	 3485479522695350272 	 4922080406592818561 	 6970959045390700544
420000001 	 3502557010593076736 	 4965877827321356801 	 7005114021186153472
421000001 	 3519677210020401152 	 4982897481277232769 	 7039354420040802304
422000001 	 3536840125733574656 	 5002577593398553345 	 7073680251467149312
423000001 	 3554045762477559808 	 5020453000923488129 	 7108091524955119616
424000001 	 3571294124986092544 	 5043599513364952065 	 7142588249972185088
425000001 	 3588585217981729792 	 5061560887325517953 	 7177170435963459584
426000001 	 3605919046175902208 	 5081429106599558401 	 7211838092351804416
427000001 	 3623295614268969472 	 5099194449903956353 	 7246591228537938944
428000001 	 3640714926950269952 	 5129751190683944449 	 7281429853900539904
429000001 	 3658176988898171904 	 5147967008737262209 	 7316353977796343808
430000001 	 3675681804780127232 	 5167826647581822721 	 7351363609560254464
431000001 	 3693229379252719104 	 5186073359936766849 	 7386458758505438208
432000001 	 3710819716961714176 	 5202636273003501569 	 7421639433923428352
433000001 	 3728452822542113280 	 5226432462749928577 	 7456905645084226560
434000001 	 3746128700618200576 	 5244778707519709441 	 7492257401236401152
435000001 	 3763847355803591168 	 5264892160437015937 	 7527694711607182336
436000001 	 3781608792701283840 	 5283318402765203969 	 7563217585402567680
437000001 	 3799413015903707136 	 5357089454516739713 	 7598826031807414272
438000001 	 3817260029992768512 	 5375258362071593729 	 7634520059985537024
439000001 	 3835149839539901440 	 5395673456473073537 	 7670299679079802880
440000001 	 3853082449106117120 	 5414154871553899521 	 7706164898212234240
441000001 	 3871057863242045952 	 5438412096675164289 	 7742115726484091904
442000001 	 3889076086487989248 	 5457092515266741505 	 7778152172975978496
443000001 	 3907137123373963776 	 5476884395210144129 	 7814274246747927552
444000001 	 3925240978419749888 	 5495648482781482497 	 7850481956839499776
445000001 	 3943387656134935552 	 5527506139663909505 	 7886775312269871104
446000001 	 3961577161018964480 	 5546238590149318401 	 7923154322037928960
447000001 	 3979809497561180160 	 5567029588097502081 	 7959618995122360320
448000001 	 3998084670240871424 	 5585618910287749121 	 7996169340481742848
449000001 	 4016402683527316480 	 5610308457360905345 	 8032805367054632960
450000001 	 4034763541879831552 	 5629328513203366145 	 8069527083759663104
451000001 	 4053167249747809280 	 5650188285846003073 	 8106334499495618560
452000001 	 4071613811570767360 	 5669295519514161665 	 8143227623141534720
453000001 	 4090103231778389504 	 5716656847664211585 	 8180206463556779008
454000001 	 4108635514790570496 	 5734063630152497921 	 8217271029581140992
455000001 	 4127210665017459200 	 5753321583493197697 	 8254421330034918400
456000001 	 4145828686859501568 	 5774616203008148481 	 8291657373719003136
457000001 	 4164489584707481600 	 5793811101818353793 	 8328979169414963200
458000001 	 4183193362942565376 	 5818928022526561537 	 8366386725885130752
459000001 	 4201940025936344064 	 5837968793614664065 	 8403880051872688128
460000001 	 4220729578050870784 	 5859422206273721857 	 8441459156101741568
461000001 	 4239562023638710272 	 5878906673016572545 	 8479124047277420544
462000001 	 4258437367042970624 	 5911795764908662529 	 8516874734085941248
463000001 	 4277355612597352960 	 5931371015472042881 	 8554711225194705920
464000001 	 4296316764626186752 	 5953014832109201409 	 8592633529252373504
465000001 	 4315320827444471296 	 5971815957446007937 	 8630641654888942592
466000001 	 4334367805357915648 	 5997380534006657281 	 8668735610715831296
467000001 	 4353457702662981120 	 6016995695693849985 	 8706915405325962240
468000001 	 4372590523646918144 	 6038826092649462273 	 8745181047293836288
469000001 	 4391766272587806208 	 6058648880672845441 	 8783532545175612416
470000001 	 4410984953754593792 	 6196317251954164481 	 8821969907509187584
471000001 	 4430246571407135744 	 6216224609284487041 	 8860493142814271488
472000001 	 4449551129796235264 	 6238243942949473281 	 8899102259592470528
473000001 	 4468898633163677696 	 6258115714940354689 	 8937797266327355392
474000001 	 4488289085742272512 	 6284123892939969793 	 8976578171484545024
475000001 	 4507722491755889152 	 6302336478151051649 	 9015444983511778304
476000001 	 4527198855419495424 	 6322546897051147777 	 9054397710838990848
477000001 	 4546718180939194368 	 6344705369344955009 	 9093436361878388736
478000001 	 4566280472512263168 	 6364813505782769409 	 9132560945024526336
479000001 	 4585885734327187456 	 6399005113926589313 	 9171771468654374912
480000001 	 4605533970563700224 	 6419390359846547457 	 9211067941127400448
481000001 	 4625225185392817152 	 6441351975759668353 	 9250450370785634304
482000001 	 4644959382976873472 	 6461756420672420097 	 9289918765953746944
483000001 	 4664736567469561856 	 6488091600298257793 	 9329473134939123712
484000001 	 4684556743015962624 	 6508674687990202881 	 9369113486031925248
485000001 	 4704419913752585216 	 6531233716565505665 	 9408839827505170432
486000001 	 4724326083807401984 	 6550885814721219329 	 9448652167614803968
487000001 	 4744275257299880960 	 6601801313264058241 	 9488550514599761920
488000001 	 4764267438341022720 	 6622431215017563137 	 9528534876682045440
489000001 	 4784302631033396224 	 6645049861142317185 	 9568605262066792448
490000001 	 4804380839471171584 	 6665761113660169473 	 9608761678942343168
491000001 	 4824502067740155904 	 6692771324609450369 	 9649004135480311808
492000001 	 4844666319917824000 	 6713181462484198913 	 9689332639835648000
493000001 	 4864873600073356288 	 6736115922684091009 	 9729747200146712576
494000001 	 4885123912267671552 	 6756867739130441473 	 9770247824535343104
495000001 	 4905417260553456640 	 6792330430707065729 	 9810834521106913280
496000001 	 4925753648975208448 	 6813298733352007681 	 9851507297950416896
497000001 	 4946133081569255424 	 6832387432657235073 	 9892266163138510848
498000001 	 4966555562363799552 	 6855530776270717185 	 9933111124727599104
499000001 	 4987021095378946048 	 6876719198441010561 	 9974042190757892096
500000001 	 5007529684626735104 	 6903981125851138561 	 10015059369253470208
501000001 	 5028081334111173632 	 6925189499319172737 	 10056162668222347264
502000001 	 5048676047828270080 	 6948114128170570497 	 10097352095656540160
503000001 	 5069313829766065152 	 6969473100833228673 	 10138627659532130304
504000001 	 5089994683904660480 	 7054721163377564673 	 10179989367809320960
505000001 	 5110718614216257536 	 7075974708018794625 	 10221437228432515072
506000001 	 5131485624665178112 	 7099478333159367937 	 10262971249330356224
507000001 	 5152295719207907328 	 7121009728493885825 	 10304591438415814656
508000001 	 5173148901793113088 	 7147915733662166529 	 10346297803586226176
509000001 	 5194045176361690112 	 7169466472009196161 	 10388090352723380224
510000001 	 5214984546846775296 	 7193022953677321985 	 10429969093693550592
511000001 	 5235967017173792768 	 7214723808184052609 	 10471934034347585536
512000001 	 5256992591260470272 	 7251364346818265089 	 10513985182520940544
513000001 	 5278061273016883200 	 7272645953985115265 	 10556122546033766400
514000001 	 5299173066345472000 	 7296625631861147905 	 10598346132690944000
515000001 	 5320327975141082112 	 7318395274677042561 	 10640655950282164224
516000001 	 5341526003290983424 	 7346579218015982081 	 10683052006581966848
517000001 	 5362767154674910208 	 7368433955844753025 	 10725534309349820416
518000001 	 5384051433165082624 	 7392602610248391425 	 10768102866330165248
519000001 	 5405378842626237440 	 7412503334041177985 	 10810757685252474880
520000001 	 5426749386915660800 	 7434524555989033985 	 10853498773831321600
521000001 	 5448163069883209728 	 7488758180201240705 	 10896326139766419456
522000001 	 5469619895371347968 	 7510924801052257537 	 10939239790742695936
523000001 	 5491119867215170560 	 7535220550626500993 	 10982239734430341120
524000001 	 5512662989242431488 	 7556992630165091841 	 11025325978484862976
525000001 	 5534249265273573376 	 7585760037307198081 	 11068498530547146752
526000001 	 5555878699121756160 	 7608097484552486657 	 11111757398243512320
527000001 	 5577551294592881664 	 7632455698407453569 	 11155102589185763328
528000001 	 5599267055485623296 	 7654811478903572481 	 11198534110971246592
529000001 	 5621025985591454720 	 7691626926656273537 	 11242051971182909440
530000001 	 5642828088694673408 	 7714137107806048513 	 11285656177389346816
531000001 	 5664673368572432384 	 7738803564566021505 	 11329346737144864768
532000001 	 5686561828994761728 	 7761188569552280065 	 11373123657989523456
533000001 	 5708493473724601344 	 7790399736393748097 	 11416986947449202688
534000001 	 5730468306517822464 	 7813085692776112897 	 11460936613035644928
535000001 	 5752486331123256320 	 7837519655599773569 	 11504972662246512640
536000001 	 5774547551282720768 	 7860214704405048321 	 11549095102565441536
537000001 	 5796651970731046912 	 8649141834459144321 	 11593303941462093824
538000001 	 5818799593196103680 	 8671990702313075969 	 11637599186392207360
539000001 	 5840990422398825472 	 8697033810187331969 	 11681980844797650944
540000001 	 5863224462053234688 	 8717776098143534593 	 11726448924106469376
541000001 	 5885501715866470400 	 8740783853042070145 	 11771003431732940800
542000001 	 5907822187538814976 	 8770480132336617217 	 11815644375077629952
543000001 	 5930185880763714560 	 8793327098371095425 	 11860371761527429120
544000001 	 5952592799227807744 	 8818600250778947585 	 11905185598455615488
545000001 	 5975042946610952192 	 8841745098648814721 	 11950085893221904384
546000001 	 5997536326586243072 	 8880314089791330561 	 11995072653172486144
547000001 	 6020072942820046848 	 8903472308557073793 	 12040145885640093696
548000001 	 6042652798972017664 	 8928793412467728897 	 12085305597944035328
549000001 	 6065275898695127040 	 8952108819017242241 	 12130551797390254080
550000001 	 6087942245635685376 	 8982252142745856769 	 12175884491271370752
551000001 	 6110651843433369600 	 9004570443235516289 	 12221303686866739200
552000001 	 6133404695721243648 	 9030217557104505857 	 12266809391442487296
553000001 	 6156200806125780992 	 9053703823079417985 	 12312401612251561984
554000001 	 6179040178266896384 	 9111436698481638657 	 12358080356533792768
555000001 	 6201922815757962240 	 9134951754098372993 	 12403845631515924480
556000001 	 6224848722205834240 	 9160345951240242689 	 12449697444411668480
557000001 	 6247817901210874880 	 9184002800460839553 	 12495635802421749760
558000001 	 6270830356366978048 	 9214589284981133057 	 12541660712733956096
559000001 	 6293886091261588480 	 9238114524422734721 	 12587772182523176960
560000001 	 6316985109475733504 	 9264134977785812993 	 12633970218951467008
561000001 	 6340127414584032256 	 9287962064468954241 	 12680254829168064512
562000001 	 6363313010154732544 	 9309521346910281985 	 12726626020309465088
563000001 	 6386541899749725184 	 9349765533824226689 	 12773083799499450368
564000001 	 6409814086924567552 	 9373460183513885185 	 12819628173849135104
565000001 	 6433129575228508160 	 9399816281318252161 	 12866259150457016320
566000001 	 6456488368204508160 	 9423746017720529665 	 12912976736409016320
567000001 	 6479890469389264896 	 9454408954571859841 	 12959780938778529792
568000001 	 6503335882313228288 	 9478421794444409857 	 13006671764626456576
569000001 	 6526824610500633600 	 9505002435139399809 	 13053649221001267200
570000001 	 6550356657469511680 	 9528986740017923329 	 13100713314939023360
571000001 	 6573932026731716608 	 9625795488885488001 	 13147864053463433216
572000001 	 6597550721792950272 	 9650089690520161793 	 13195101443585900544
573000001 	 6621212746152776704 	 9675663113321939585 	 13242425492305553408
574000001 	 6644918103304646656 	 9699965759541483265 	 13289836206609293312
575000001 	 6668666796735924224 	 9731332213216529281 	 13337333593471848448
576000001 	 6692458829927899136 	 9755804716241657857 	 13384917659855798272
577000001 	 6716294206355812352 	 9782612075733849217 	 13432588412711624704
578000001 	 6740172929488876544 	 9806632273632110849 	 13480345858977753088
579000001 	 6764095002790298624 	 9848011338983333249 	 13528190005580597248
580000001 	 6788060429717299200 	 9872649395837415937 	 13576120859434598400
581000001 	 6812069213721129984 	 9899492087366592129 	 13624138427442259968
582000001 	 6836121358247100416 	 9924136814425946881 	 13672242716494200832
583000001 	 6860216866734593024 	 9946493754727034753 	 13720433733469186048
584000001 	 6884355742617088000 	 9978627992836260865 	 13768711485234176000
585000001 	 6908537989322179584 	 10003358553828178049 	 13817075978644359168
586000001 	 6932763610271596544 	 10030465227155655937 	 13865527220543193088
587000001 	 6957032608881227776 	 10055283286997598593 	 13914065217762455552
588000001 	 6981344988561134592 	 10116826202032133633 	 13962689977122269184
589000001 	 7005700752715573248 	 10141264208269265537 	 14011401505431146496
590000001 	 7030099904743018496 	 10168712106523516673 	 14060199809486036992
591000001 	 7054542448036178944 	 10193550160902263681 	 14109084896072357888
592000001 	 7079028385982015488 	 10226115204035536897 	 14158056771964030976
593000001 	 7103557721961766912 	 10251184931867090049 	 14207115443923533824
594000001 	 7128130459350960128 	 10277735265649914113 	 14256260918701920256
595000001 	 7152746601519438848 	 10302888438714934657 	 14305493203038877696
596000001 	 7177406151831378944 	 10345597383273708033 	 14354812303662757888
597000001 	 7202109113645301760 	 10370679559556492929 	 14404218227290603520
598000001 	 7226855490314103808 	 10398540397018907393 	 14453710980628207616
599000001 	 7251645285185065984 	 10423981979176515457 	 14503290570370131968
600000001 	 7276478501599880192 	 10456404192082693121 	 14552957003199760384
601000001 	 7301355142894660608 	 10481855761104339073 	 14602710285789321216
602000001 	 7326275212399968256 	 10509669409172067585 	 14652550424799936512
603000001 	 7351238713440825344 	 10535282777788533121 	 14702477426881650688
604000001 	 7376245649336736768 	 10714412649627360769 	 14752491298673473536
605000001 	 7401296023401706496 	 10737662442508391041 	 14802592046803412992
606000001 	 7426389838944257024 	 10763280282213459713 	 14852779677888514048
607000001 	 7451527099267443712 	 10791598866880977793 	 14903054198534887424
608000001 	 7476707807668879360 	 10817147493020250113 	 14953415615337758720
609000001 	 7501931967440748544 	 10850563574663521409 	 15003863934881497088
610000001 	 7527199581869821952 	 10875873610074536193 	 15054399163739643904
611000001 	 7552510654237481984 	 10904379097357184385 	 15105021308474963968
612000001 	 7577865187819732992 	 10930271312156672513 	 15155730375639465984
613000001 	 7603263185887221760 	 10973953280893466241 	 15206526371774443520
614000001 	 7628704651705260032 	 10999912759362898689 	 15257409303410520064
615000001 	 7654189588533831680 	 11028607238519521153 	 15308379177067663360
616000001 	 7679717999627615232 	 11053525610421212161 	 15359435999255230464
617000001 	 7705289888236008448 	 11087387762760337537 	 15410579776472016896
618000001 	 7730905257603128320 	 11113352938747452673 	 15461810515206256640
619000001 	 7756564110967847936 	 11142243336054018433 	 15513128221935695872
620000001 	 7782266451563796480 	 11168456050516813313 	 15564532903127592960
621000001 	 7808012282619386880 	 11232945422205082241 	 15616024565238773760
622000001 	 7833801607357827072 	 11259242360903364353 	 15667603214715654144
623000001 	 7859634428997142528 	 11288316137698304897 	 15719268857994285056
624000001 	 7885510750750185472 	 11314537242016544769 	 15771021501500370944
625000001 	 7911430575824654336 	 11348844572761582721 	 15822861151649308672
626000001 	 7937393907423116288 	 11375474916991303937 	 15874787814846232576
627000001 	 7963400748743013376 	 11399520998352074113 	 15926801497486026752
628000001 	 7989451102976688128 	 11428738358023424513 	 15978902205953376256
629000001 	 8015544973311391744 	 11455165001344581249 	 16031089946622783488
630000001 	 8041682362929306624 	 11500306219826746113 	 16083364725858613248
631000001 	 8067863275007559680 	 11526982961702389633 	 16135726550015119360
632000001 	 8094087712718237696 	 11555892461055187969 	 16188175425436475392
633000001 	 8120355679228406784 	 11582662819783250049 	 16240711358456813568
634000001 	 8146667177700123648 	 11617538842974627073 	 16293334355400247296
635000001 	 8173022211290452992 	 11644220478178777473 	 16346044422580905984
636000001 	 8199420783151484928 	 11673812631128256001 	 16398841566302969856
637000001 	 8225862896430351360 	 11699579868724372097 	 16451725792860702720
638000001 	 8252348554269237248 	 11808072720655922945 	 16504697108538474496
639000001 	 8278877759805401088 	 11835089484805794689 	 16557755519610802176
640000001 	 8305450516171182080 	 11864720989533978625 	 16610901032342364160
641000001 	 8332066826494028800 	 11891821567659291777 	 16664133652988057600
642000001 	 8358726693896503296 	 11927145312522225921 	 16717453387793006592
643000001 	 8385430121496299520 	 11953825764051778945 	 16770860242992599040
644000001 	 8412177112406259712 	 11983796318211297793 	 16824354224812519424
645000001 	 8438967669734388736 	 12010897868635227777 	 16877935339468777472
646000001 	 8465801796583871488 	 12057211367623318273 	 16931603593167742976
647000001 	 8492679496053081088 	 12084567204396175233 	 16985358992106162176
648000001 	 8519600771235600384 	 12109471948869166081 	 17039201542471200768
649000001 	 8546565625220233216 	 12139623965423589505 	 17093131250440466432
650000001 	 8573574061091024896 	 12167231662943792385 	 17147148122182049792
651000001 	 8600626081927266304 	 12202745978159309185 	 17201252163854532608
652000001 	 8627721690803516416 	 12230354173685560833 	 17255443381607032832
653000001 	 8654860890789618688 	 12260180925014272641 	 17309721781579237376
654000001 	 8682043684950707200 	 12287959174050840321 	 17364087369901414400
655000001 	 8709270076347228160 	 12356527916026016641 	 17418540152694456320
656000001 	 8736540068034949120 	 12384093610262628353 	 17473080136069898240
657000001 	 8763853663064982528 	 12414749061853183105 	 17527707326129965056
658000001 	 8791210864483783680 	 12442573622347993345 	 17582421728967567360
659000001 	 8818611675333183488 	 12477534779114145153 	 17637223350666366976
660000001 	 8846056098650386432 	 12505440432206813697 	 17692112197300772864
661000001 	 8873544137467995136 	 12536283201842056833 	 17747088274935990272
662000001 	 8901075794814020608 	 12564108617040372481 	 17802151589628041216
663000001 	 8928651073711898624 	 12611548342956906369 	 17857302147423797248
664000001 	 8956269977180494848 	 12639103171178769409 	 17912539954360989696
665000001 	 8983932508234132480 	 12670138178458001537 	 17967865016468264960
666000001 	 9011638669882593280 	 12698297417999496449 	 18023277339765186560
667000001 	 9039388465131136000 	 12734738856532339073 	 18078776930262272000
668000001 	 9067181896980516864 	 12762983529009036801 	 18134363793961033728
669000001 	 9095018968426990592 	 12794223969427075713 	 18190037936853981184
670000001 	 9122899682462330880 	 12819920579252307713 	 18245799364924661760
671000001 	 9150824042073843712 	 12848334135527996289 	 18301648084147687424
672000001 	 9178792050244377600 	 13210029736612057089 	 18357584100488755200
673000001 	 9206803709952344064 	 13238615353505203329 	 18413607419904688128
674000001 	 9234859024171720704 	 13269932203970320641 	 18469718048343441408
675000001 	 9262957995872071680 	 13297984468192365953 	 18525915991744143360
676000001 	 9291100628018554880 	 13335050404505772545 	 18582201256037109760
677000001 	 9319286923571945472 	 13363806854956471937 	 18638573847143890944
678000001 	 9347516885488637952 	 13395133628654938881 	 18695033770977275904
679000001 	 9375790516720662528 	 13423886699629059969 	 18751581033441325056
680000001 	 9404107820215699456 	 13471253116359275521 	 18808215640431398912
681000001 	 9432468798917089280 	 13500180413501466753 	 18864937597834178560
682000001 	 9460873455763853312 	 13531869785686998273 	 18921746911527706624
683000001 	 9489321793690693632 	 13560656390075167105 	 18978643587381387264
684000001 	 9517813815628013568 	 13598291995702265345 	 19035627631256027136
685000001 	 9546349524501932032 	 13627256259120691841 	 19092699049003864064
686000001 	 9574928923234289664 	 13658639396758228737 	 19149857846468579328
687000001 	 9603552014742669312 	 13687691018869818241 	 19207104029485338624
688000001 	 9632218801940398080 	 13759821921446533121 	 19264437603880796160
689000001 	 9660929287736567808 	 13788774212483943553 	 19321858575473135616
690000001 	 9689683475036049408 	 13820894293390467329 	 19379366950072098816
691000001 	 9718481366739494912 	 13847396591259538817 	 19436962733478989824
692000001 	 9747322965743355904 	 13876791118040869377 	 19494645931486711808
693000001 	 9776208274939901952 	 13914776637068189313 	 19552416549879803904
694000001 	 9805137297217216512 	 13943986667955041025 	 19610274594434433024
695000001 	 9834110035459223552 	 13976278248367679361 	 19668220070918447104
696000001 	 9863126492545697792 	 14005844874242309121 	 19726252985091395584
697000001 	 9892186671352266752 	 14055137925170409601 	 19784373342704533504
698000001 	 9921290574750431232 	 14084695669020247297 	 19842581149500862464
699000001 	 9950438205607579648 	 14116993114841676161 	 19900876411215159296
700000001 	 9979629566786990080 	 14146728183803629057 	 19959259133573980160
701000001 	 10008864661147848704 	 14185163942130205313 	 20017729322295697408
702000001 	 10038143491545260032 	 14213604683610478337 	 20076286983090520064
703000001 	 10067466060830261248 	 14246271618115996545 	 20134932121660522496
704000001 	 10096832371849828352 	 14276187229426311169 	 20193664743699656704
705000001 	 10126242427446890496 	 14395931508277924993 	 20252484854893780992
706000001 	 10155696230460340224 	 14425830487408470273 	 20311392460920680448
707000001 	 10185193783725049856 	 14458128251376180609 	 20370387567450099712
708000001 	 10214735090071875584 	 14488207961989542401 	 20429470180143751168
709000001 	 10244320152327675904 	 14527083686240249473 	 20488640304655351808
710000001 	 10273948973315317760 	 14556966866447661825 	 20547897946630635520
711000001 	 10303621555853684736 	 14590007910501691265 	 20607243111707369472
712000001 	 10333337902757703680 	 14620300581521622017 	 20666675805515407360
713000001 	 10363098016838334464 	 14647695597046167681 	 20726196033676668928
714000001 	 10392901900902596608 	 14698725838468648193 	 20785803801805193216
715000001 	 10422749557753573376 	 14729101166090404225 	 20845499115507146752
716000001 	 10452640990190432256 	 14762182310031758849 	 20905281980380864512
717000001 	 10482576201008414720 	 14792546356081199745 	 20965152402016829440
718000001 	 10512555192998873088 	 14831343064425864961 	 21025110385997746176
719000001 	 10542577968949268480 	 14861894857141965697 	 21085155937898536960
720000001 	 10572644531643172864 	 14895353270951520257 	 21145289063286345728
721000001 	 10602754883860299776 	 14925697165488069761 	 21205509767720599552
722000001 	 10632909028376498176 	 15001243871417184513 	 21265818056752996352
723000001 	 10663106967963774976 	 15031956747055490433 	 21326213935927549952
724000001 	 10693348705390292992 	 15064274355619871233 	 21386697410780585984
725000001 	 10723634243420399616 	 15094976172892040833 	 21447268486840799232
726000001 	 10753963584814616576 	 15134613733254284033 	 21507927169629233152
727000001 	 10784336732329664512 	 15165496084435171201 	 21568673464659329024
728000001 	 10814753688718473216 	 15199328993070337025 	 21629507377436946432
729000001 	 10845214456730179584 	 15229632925343662209 	 21690428913460359168
730000001 	 10875719039110158336 	 15281834851062240513 	 21751438078220316672
731000001 	 10906267438600007680 	 15312889525723892097 	 21812534877200015360
732000001 	 10936859657937586176 	 15346715953706556929 	 21873719315875172352
733000001 	 10967495699856998400 	 15377769182472327809 	 21934991399713996800
734000001 	 10998175567088623616 	 15405922025189861121 	 21996351134177247232
735000001 	 11028899262359113728 	 15446357875628514177 	 22057798524718227456
736000001 	 11059666788391413760 	 15477482500032098305 	 22119333576782827520
737000001 	 11090478147904763904 	 15511582081712841857 	 22180956295809527808
738000001 	 11121333343614707712 	 15542787661613496577 	 22242666687229415424
739000001 	 11152232378233114624 	 15763238302903020929 	 22304464756466229248
740000001 	 11183175254468177920 	 15794041821853647361 	 22366350508936355840
741000001 	 11214161975024427008 	 15828473771617252993 	 22428323950048854016
742000001 	 11245192542602739712 	 15859995334926076673 	 22490385085205479424
743000001 	 11276266959900356608 	 15900536848413638529 	 22552533919800713216
744000001 	 11307385229610878976 	 15932050705839887361 	 22614770459221757952
745000001 	 11338547354424289280 	 15965305619226429569 	 22677094708848578560
746000001 	 11369753337026955264 	 15996995117996580097 	 22739506674053910528
747000001 	 11401003180101638144 	 16050418818931544449 	 22802006360203276288
748000001 	 11432296886327513088 	 16081900489823757825 	 22864593772655026176
749000001 	 11463634458380165120 	 16116708421269756545 	 22927268916760330240
750000001 	 11495015898931605504 	 16148569304377274113 	 22990031797863211008
751000001 	 11526441210650279936 	 16189164458650854273 	 23052882421300559872
752000001 	 11557910396201082880 	 16221014543111108609 	 23115820792402165760
753000001 	 11589423458245355520 	 16255811195737812097 	 23178846916490711040
754000001 	 11620980399440910336 	 16287865794172567809 	 23241960798881820672
755000001 	 11652581222442027008 	 16366916743246116225 	 23305162444884054016
756000001 	 11684225929899464704 	 16395965601373243905 	 23368451859798929408
757000001 	 11715914524460484608 	 16427972724708851329 	 23431829048920969216
758000001 	 11747647008768837632 	 16463347361456804609 	 23495294017537675264
759000001 	 11779423385464793088 	 16495241022955227009 	 23558846770929586176
760000001 	 11811243657185130496 	 16536959309621320705 	 23622487314370260992
761000001 	 11843107826563166208 	 16568549540777447553 	 23686215653126332416
762000001 	 11875015896228747264 	 16604107679435089153 	 23750031792457494528
763000001 	 11906967868808269824 	 16636371637345655169 	 23813935737616539648
764000001 	 11938963746924687360 	 16690847158527618561 	 23877927493849374720
765000001 	 11971003533197518848 	 16723199344887652993 	 23942007066395037696
766000001 	 12003087230242848768 	 16758946451881424641 	 24006174460485697536
767000001 	 12035214840673353728 	 16789973855585282945 	 24070429681346707456
768000001 	 12067386367098296320 	 16832184151289200641 	 24134772734196592640
769000001 	 12099601812123543552 	 16864851827921482881 	 24199203624247087104
770000001 	 12131861178351564800 	 16900434856924449025 	 24263722356703129600
771000001 	 12164164468381454336 	 16933087093811985793 	 24328328936762908672
772000001 	 12196511684808925184 	 17063975898050499073 	 24393023369617850368
773000001 	 12228902830226337792 	 17096814125175146113 	 24457805660452675584
774000001 	 12261337907222689792 	 17132786366376024833 	 24522675814445379584
775000001 	 12293816918383624192 	 17165405752694722433 	 24587633836767248384
776000001 	 12326339866291462144 	 17207974129050428417 	 24652679732582924288
777000001 	 12358906753525180416 	 17240985331807197313 	 24717813507050360832
778000001 	 12391517582660442112 	 17270827298192928001 	 24783035165320884224
779000001 	 12424172356269594624 	 17307080312281719169 	 24848344712539189248
780000001 	 12456871076921683968 	 17339857397941843457 	 24913742153843367936
781000001 	 12489613747182456832 	 17395848528100665985 	 24979227494364913664
782000001 	 12522400369614374912 	 17428914892304269057 	 25044800739228749824
783000001 	 12555230946776621056 	 17464759907875025793 	 25110461893553242112
784000001 	 12588105481225103360 	 17497913651752192001 	 25176210962450206720
785000001 	 12621023975512473600 	 17541108594312854657 	 25242047951024947200
786000001 	 12653986432188131328 	 17574143815524339969 	 25307972864376262656
787000001 	 12686992853798217728 	 17610768137188312449 	 25373985707596435456
788000001 	 12720043242885652480 	 17642646045231995393 	 25440086485771304960
789000001 	 12753137601990117376 	 17725399343326842497 	 25506275203980234752
790000001 	 12786275933648074752 	 17758815764969677569 	 25572551867296149504
791000001 	 12819458240392773632 	 17795419545038428033 	 25638916480785547264
792000001 	 12852684524754259968 	 17828912582994553857 	 25705369049508519936
793000001 	 12885954789259382784 	 17872558786175885441 	 25771909578518765568
794000001 	 12919269036431804416 	 17905510119943238913 	 25838538072863608832
795000001 	 12952627268792000512 	 17942510491728062849 	 25905254537584001024
796000001 	 12986029488857280512 	 17975962492685319681 	 25972058977714561024
797000001 	 13019475699141787648 	 18033177442938483329 	 26038951398283575296
798000001 	 13052965902156511232 	 18066975264135448321 	 26105931804313022464
799000001 	 13086500100409282560 	 18097624540570860417 	 26173000200818565120
800000001 	 13120078296404805632 	 18134961645818875905 	 26240156592809611264
801000001 	 13153700492644638720 	 18168831058733696129 	 26307400985289277440
802000001 	 13187366691627227136 	 18212645629634353409 	 26374733383254454272
803000001 	 13221076895847888896 	 18246600132956441985 	 26442153791695777792
804000001 	 13254831107798841344 	 18284132001336336897 	 26509662215597682688
805000001 	 13288629329969190912 	 18317538984945686145 	 26577258659938381824
806000001 	 13322471564844957696 	 19116913600143305473 	 26644943129689915392
807000001 	 13356357814909069312 	 19150826615314669441 	 26712715629818138624
808000001 	 13390288082641381376 	 19188540903249294337 	 26780576165282762752
809000001 	 13424262370518673408 	 19222752335866570881 	 26848524741037346816
810000001 	 13458280681014663168 	 19265735896895929601 	 26916561362029326336
811000001 	 13492343016600012800 	 19300054027647185281 	 26984686033200025600
812000001 	 13526449379742334976 	 19337949876689389057 	 27052898759484669952
813000001 	 13560599772906205184 	 19372117165662386817 	 27121199545812410368
814000001 	 13594794198553157632 	 19430389664961285889 	 27189588397106315264
815000001 	 13629032659141709824 	 19464217642288317313 	 27258065318283419648
816000001 	 13663315157127358464 	 19502304143831619585 	 27326630314254716928
817000001 	 13697641694962581504 	 19536852651643653249 	 27395283389925163008
818000001 	 13732012275096866816 	 19581564368183451905 	 27464024550193733632
819000001 	 13766426899976689664 	 19616197978683676033 	 27532853799953379328
820000001 	 13800885572045553664 	 19654472632430062081 	 27601771144091107328
821000001 	 13835388293743968256 	 19685964756848270977 	 27670776587487936512
822000001 	 13869935067509471232 	 19720781517450932993 	 27739870135018942464
823000001 	 13904525895776638976 	 19806713334207326081 	 27809051791553277952
824000001 	 13939160780977078272 	 19841721220625234945 	 27878321561954156544
825000001 	 13973839725539450880 	 19880165702645674113 	 27947679451078901760
826000001 	 14008562731889469440 	 19914444744091075841 	 28017125463778938880
827000001 	 14043329802449909760 	 19959954192918395265 	 28086659604899819520
828000001 	 14078140939640614912 	 19994967847626444289 	 28156281879281229824
829000001 	 14112996145878503424 	 20033335688493269633 	 28225992291757006848
830000001 	 14147895423577577472 	 20068434014790260481 	 28295790847155154944
831000001 	 14182838775148929024 	 20128030266096274305 	 28365677550297858048
832000001 	 14217826203000748032 	 20161700843964243969 	 28435652406001496064
833000001 	 14252857709538326528 	 20200467434160034945 	 28505715419076653056
834000001 	 14287933297164068864 	 20235517804767193345 	 28575866594328137728
835000001 	 14323052968277493760 	 20281471950381079937 	 28646105936554987520
836000001 	 14358216725275246592 	 20316830010970321409 	 28716433450550493184
837000001 	 14393424570551105536 	 20355126866523924097 	 28786849141102211072
838000001 	 14428676506495983616 	 20390565624695274241 	 28857353012991967232
839000001 	 14463972535497949184 	 20533781870458564481 	 28927945070995898368
840000001 	 14499312659942205440 	 20569111307605427201 	 28998625319884410880
841000001 	 14534696882211129344 	 20608255707772336257 	 29069393764422258688
842000001 	 14570125204684255232 	 20640553923424931073 	 29140250409368510464
843000001 	 14605597629738291200 	 20676370806501966209 	 29211195259476582400
844000001 	 14641114159747127296 	 20722646371906213377 	 29282228319494254592
845000001 	 14676674797081837568 	 20758213447805192833 	 29353349594163675136
846000001 	 14712279544110688256 	 20797528002001952513 	 29424559088221376512
847000001 	 14747928403199141888 	 20833523223383053185 	 29495856806398283776
848000001 	 14783621376709871616 	 20893502051763808257 	 29567242753419743232
849000001 	 14819358467002761216 	 20929458934922271873 	 29638716934005522432
850000001 	 14855139676434909184 	 20968743547602071809 	 29710279352869818368
851000001 	 14890965007360645120 	 21004897192263656833 	 29781930014721290240
852000001 	 14926834462131523584 	 21051620424694233601 	 29853668924263047168
853000001 	 14962748043096344576 	 21086183227528932993 	 29925496086192689152
854000001 	 14998705752601151488 	 21126093797907825409 	 29997411505202302976
855000001 	 15034707592989235200 	 21162249327951230849 	 30069415185978470400
856000001 	 15070753566601146368 	 21251740761023777793 	 30141507133202292736
857000001 	 15106843675774703616 	 21287986648412717185 	 30213687351549407232
858000001 	 15142977922844983296 	 21328032033233048833 	 30285955845689966592
859000001 	 15179156310144360448 	 21363684417401571713 	 30358312620288720896
860000001 	 15215378840002469888 	 21410906588607290881 	 30430757680004939776
861000001 	 15251645514746251264 	 21447103901313045121 	 30503291029492502528
862000001 	 15287956336699934720 	 21487337438023067393 	 30575912673399869440
863000001 	 15324311308185053184 	 21523835098360142721 	 30648622616370106368
864000001 	 15360710431520452608 	 21557041090286006273 	 30721420863040905216
865000001 	 15397153709022281728 	 21618893806293296257 	 30794307418044563456
866000001 	 15433641143004018688 	 21655685849267714305 	 30867282286008037376
867000001 	 15470172735776468992 	 21695749601992109441 	 30940345471552937984
868000001 	 15506748489647771648 	 21732538828342837761 	 31013496979295543296
869000001 	 15543368406923397120 	 21779506012763960961 	 31086736813846794240
870000001 	 15580032489906173952 	 21816468640008063745 	 31160064979812347904
871000001 	 15616740740896270336 	 21856947046483132289 	 31233481481792540672
872000001 	 15653493162191220736 	 21893657609316815873 	 31306986324382441472
873000001 	 15690289756085915648 	 22155101591612180609 	 31380579512171831296
874000001 	 15727130524872622080 	 22192233816318958849 	 31454261049745244160
875000001 	 15764015470840981504 	 22231307610610143617 	 31528030941681963008
876000001 	 15800944596278013952 	 22268409446534374913 	 31601889192556027904
877000001 	 15837917903468128256 	 22316276139237497473 	 31675835806936256512
878000001 	 15874935394693128192 	 22353577824136294145 	 31749870789386256384
879000001 	 15911997072232218624 	 22394436078911464321 	 31823994144464437248
880000001 	 15949102938362007552 	 22431019484455598081 	 31898205876724015104
881000001 	 15986252995356512256 	 22494043876569345153 	 31972505990713024512
882000001 	 16023447245487173632 	 22531572384936657153 	 32046894490974347264
883000001 	 16060685691022852096 	 22572439337987093889 	 32121371382045704192
884000001 	 16097968334229833728 	 22609826059298966017 	 32195936668459667456
885000001 	 16135295177371848704 	 22658540799242141313 	 32270590354743697408
886000001 	 16172666222710054912 	 22692533579068576513 	 32345332445420109824
887000001 	 16210081472503072768 	 22730099967352162177 	 32420162945006145536
888000001 	 16247540929006958592 	 22771137929349929985 	 32495081858013917184
889000001 	 16285044594475239424 	 22808918803422023809 	 32570089188950478848
890000001 	 16322592471158894592 	 22902124556875638017 	 32645184942317789184
891000001 	 16360184561306386432 	 22939162983672142209 	 32720369122612772864
892000001 	 16397820867163639808 	 22980618358813273601 	 32795641734327279616
893000001 	 16435501390974068736 	 23018562808346649217 	 32871002781948137472
894000001 	 16473226134978566144 	 23067354350602008321 	 32946452269957132288
895000001 	 16510995101415528448 	 23105263458701273985 	 33021990202831056896
896000001 	 16548808292520833024 	 23145291639358996481 	 33097616585041666048
897000001 	 16586665710527875072 	 23183400085014557825 	 33173331421055750144
898000001 	 16624567357667551232 	 23247637827647621377 	 33249134715335102464
899000001 	 16662513236168275968 	 23285478676028489089 	 33325026472336551936
900000001 	 16700503348255983616 	 23327314051013464577 	 33401006696511967232
901000001 	 16738537696154130432 	 23365593871795111553 	 33477075392308260864
902000001 	 16776616282083700736 	 23414357141580012289 	 33553232564167401472
903000001 	 16814739108263227392 	 23452603672732831617 	 33629478216526454784
904000001 	 16852906176908777472 	 23494398076248646657 	 33705812353817554944
905000001 	 16891117490233958400 	 23532850310172694657 	 33782234980467916800
906000001 	 16929373050449942528 	 23687463388844846337 	 33858746100899885056
907000001 	 16967672859765452800 	 23722321272396816769 	 33935345719530905600
908000001 	 17006016920386781184 	 23760718518793991681 	 34012033840773562368
909000001 	 17044405234517780480 	 23803142597977008769 	 34088810469035560960
910000001 	 17082837804359886848 	 23841386332152790785 	 34165675608719773696
911000001 	 17121314632112107520 	 23891458811692725121 	 34242629264224215040
912000001 	 17159835719971039232 	 23930208810208593921 	 34319671439942078464
913000001 	 17198401070130872320 	 23971922790616136833 	 34396802140261744640
914000001 	 17237010684783380480 	 24010640405445415169 	 34474021369566760960
915000001 	 17275664566117953536 	 24075848460866340225 	 34551329132235907072
916000001 	 17314362716321574912 	 24114768088274246145 	 34628725432643149824
917000001 	 17353105137578844160 	 24157387389294251649 	 34706210275157688320
918000001 	 17391891832071976960 	 24194599172622656257 	 34783783664143953920
919000001 	 17430722801980813312 	 24244998508457842561 	 34861445603961626624
920000001 	 17469598049482817536 	 24284088823254887425 	 34939196098965635072
921000001 	 17508517576753080320 	 24326658895468503169 	 35017035153506160640
922000001 	 17547481385964337152 	 24365710690222290177 	 35094962771928674304
923000001 	 17586489479286962176 	 24461701012592126337 	 35172978958573924352
924000001 	 17625541858888978432 	 24500959057786650113 	 35251083717777956864
925000001 	 17664638526936061952 	 24543980672683979393 	 35329277053872123904
926000001 	 17703779485591545856 	 24582960060036171521 	 35407558971183091712
927000001 	 17742964737016420352 	 24633807226727857025 	 35485929474032840704
928000001 	 17782194283369351168 	 24673243326580805633 	 35564388566738702336
929000001 	 17821468126806671360 	 24708880800379716737 	 35642936253613342720
930000001 	 17860786269482395648 	 24752163827924031745 	 35721572538964791296
931000001 	 17900148713548216320 	 24791290170892160385 	 35800297427096432640
932000001 	 17939555461153517568 	 24858146134162629121 	 35879110922307035136
933000001 	 17979006514445373440 	 24897601749221693057 	 35958013028890746880
934000001 	 18018501875568558080 	 24940338780907399937 	 36037003751137116160
935000001 	 18058041546665547776 	 24979878936617918337 	 36116083093331095552
936000001 	 18097625529876520960 	 25031400368725849089 	 36195251059753041920
937000001 	 18137253827339374592 	 25070782322585200769 	 36274507654678749184
938000001 	 18176926441189724160 	 25114439520815381761 	 36353852882379448320
939000001 	 18216643373560899584 	 25154394491064693121 	 36433286747121799168
940000001 	 18256404626583961600 	 25668869005936657921 	 36512809253167923200
941000001 	 18296210202387703808 	 25708726979104078465 	 36592420404775407616
942000001 	 18336060103098652672 	 25752262435253948161 	 36672120206197305344
943000001 	 18375954330841085952 	 25792333092716725121 	 36751908661682171904
944000001 	 18415892887737010176 	 25844111769909893121 	 36831785775474020352
945000001 	 18455875775906201600 	 25883395554880294017 	 36911751551812403200
946000001 	 18495902997466173440 	 25927378857869418753 	 36991805994932346880
947000001 	 18535974554532220928 	 25967614562270139777 	 37071949109064441856
948000001 	 18576090449217384448 	 26035199569863879169 	 37152180898434768896
949000001 	 18616250683632484352 	 26075396504769470081 	 37232501367264968704
950000001 	 18656455259886120960 	 26111845910704206593 	 37312910519772241920
951000001 	 18696704180084654080 	 26156229099154958209 	 37393408360169308160
952000001 	 18736997446332248064 	 26196491586300591105 	 37473994892664496128
953000001 	 18777335060730843136 	 26248593277134286977 	 37554670121461686272
954000001 	 18817717025380179968 	 26288937475471820033 	 37635434050760359936
955000001 	 18858143342377799680 	 26333511612659038593 	 37716286684755599360
956000001 	 18898614013819031552 	 26373190021219077633 	 37797228027638063104
957000001 	 18939129041797025792 	 26473521333185430145 	 37878258083594051584
958000001 	 18979688428402741248 	 26513784453790357249 	 37959376856805482496
959000001 	 19020292175724945408 	 26558546741847460737 	 38040584351449890816
960000001 	 19060940285850238976 	 26599161437466189825 	 38121880571700477952
961000001 	 19101632760863035392 	 26650167016950256769 	 38203265521726070784
962000001 	 19142369602845589504 	 26690851901114673409 	 38284739205691179008
963000001 	 19183150813877981184 	 26735799554444467585 	 38366301627755962368
964000001 	 19223976396038135808 	 26776321680761680385 	 38447952792076271616
965000001 	 19264846351401820160 	 26845426524650038913 	 38529692702803640320
966000001 	 19305760682042646528 	 26885522399261031169 	 38611521364085293056
967000001 	 19346719390032076800 	 26930658195269234561 	 38693438780064153600
968000001 	 19387722477439438848 	 26971722750024811521 	 38775444954878877696
969000001 	 19428769946331918336 	 27024620830178015361 	 38857539892663836672
970000001 	 19469861798774558720 	 27065834864322022657 	 38939723597549117440
971000001 	 19510998036830285824 	 27110974947730702721 	 39021996073660571648
972000001 	 19552178662559891456 	 27148327256940877313 	 39104357325119782912
973000001 	 19593403678022045696 	 27189476420933683841 	 39186807356044091392
974000001 	 19634673085273305088 	 27355881251108232961 	 39269346170546610176
975000001 	 19675986886368116736 	 27396872309190644609 	 39351973772736233472
976000001 	 19717345083358810112 	 27442300858118252545 	 39434690166717620224
977000001 	 19758747678295621632 	 27482850363243830401 	 39517495356591243264
978000001 	 19800194673226678272 	 27536683442613268737 	 39600389346453356544
979000001 	 19841686070198022144 	 27578085887902999937 	 39683372140396044288
980000001 	 19883221871253594112 	 27623444452680677889 	 39766443742507188224
981000001 	 19924802078435250176 	 27664931988889644673 	 39849604156870500352
982000001 	 19966426693782773760 	 27735409296473801473 	 39932853387565547520
983000001 	 20008095719333855232 	 27775178829985380225 	 40016191438667710464
984000001 	 20049809157124128768 	 27820981847968795649 	 40099618314248257536
985000001 	 20091567009187139584 	 27862386205223567489 	 40183134018374279168
986000001 	 20133369277554376704 	 27916659688764364033 	 40266738555108753408
987000001 	 20175215964255268864 	 27958403435163224449 	 40350431928510537728
988000001 	 20217107071317188608 	 28003614954545765889 	 40434214142634377216
989000001 	 20259042600765452288 	 28045455399010882177 	 40518085201530904576
990000001 	 20301022554623328256 	 28149421720848262913 	 40602045109246656512
991000001 	 20343046934912036864 	 28191075746215205761 	 40686093869824073728
992000001 	 20385115743650762752 	 28237258931424030721 	 40770231487301525504
993000001 	 20427228982856646656 	 28275352621731243137 	 40854457965713293312
994000001 	 20469386654544809984 	 28317585728640940289 	 40938773309089619968
995000001 	 20511588760728338432 	 28372150024338025857 	 41023177521456676864
996000001 	 20553835303418294272 	 28414139103090868737 	 41107670606836588544
997000001 	 20596126284623708160 	 28460672255849526913 	 41192252569247416320
998000001 	 20638461706351616000 	 28502880791768042241 	 41276923412703232000
999000001 	 20680841570607026176 	 28573625788233465729 	 41361683141214052352
